Target position:
	X: 20000.000000 
	Y: 2000.000000 
	Z: 20000.000000

Shooting Velocity: 387.313296	596.425203	384.170456

