Target position:
	X: 40000.000000 
	Y: 2000.000000 
	Z: 10000.000000

Shooting Velocity: 704.184166	792.824184	173.169348

