Target position:
	X: 20000.000000 
	Y: 2000.000000 
	Z: 20000.000000

Shooting Velocity: 385.836065	596.565885	385.836065

